red: -1.17510891158
blue: -180.27474669